Filetype: Flipper Animation
Version: 1

Width: 128
Height: 64
Passive frames: 89
Active frames: 0
Frames order: 0 0 1 1 2 2 3 3 4 4 5 5 6 6 7 7 8 8 9 9 8 8 9 9 8 8 9 9 10 10 11 11 12 13 14 15 15 15 15 15 16 16 15 15 16 16 15 15 17 17 18 18 17 17 18 18 19 19 20 20 21 21 22 22 23 23 24 24 25 25 26 26 27 27 28 29 29 30 30 31 31 32 32 33 33 34 34 35 35 36 36 37 38 38 38 38 38 39 39 39 39 39 39 39 39 39 40 41 42 43 44 45 46 47 48 49 48 48 47 47 46 46 45 45 44 44 43 43 42 42 50 51 52 53 54 55 56 57 58 59 60 61 62 63 64 63 63 63 63 63 65 66 66 66 66 66 66 66 66 66 66 66 66 66 66 66 66 66 67 67 67 67 67 67 67 67 67 68 68 68 68 67 67 67 67 67 69 69 69 70 70 70 70 70 70 70 70 70 70 70 70 70 71 71 71 71 71 71 71 71 71 71 71 71 72 72 73 73 74 74 75 75 75 75 75 76 76 76 76 76 76 76 76 76 76 76 76 76 77 77 78 78 78 78 78 78 78 78 78 78 78 79 79 79 79 79 79 79 79 79 80 80 80 80 80 80 80 80 80 80 80 80 81 81 82 82 83 83 84 84 84 84 85 85 86 87 87 86 86 86 88 88 88
Active cycles: 0
Frame rate: 6
Duration: 3600
Active cooldown: 0

Bubble slots: 0
